# Fields are number, contacting residues i & j (in library coordinates), and residues i & j (in PDB coordinates)
# n	i	j	pdbi	pdbj
0	0	1	10	11
1	0	54	10	64
2	0	57	10	67
3	0	78	10	82
4	0	79	10	83
5	0	80	10	84
6	1	2	11	12
7	1	3	11	13
8	1	78	11	82
9	1	167	11	184
10	2	3	12	13
11	2	75	12	79
12	2	76	12	80
13	2	77	12	81
14	3	4	13	14
15	3	54	13	64
16	3	75	13	79
17	3	76	13	80
18	3	78	13	82
19	3	166	13	183
20	3	167	13	184
21	3	170	13	187
22	4	5	14	15
23	4	73	14	77
24	4	75	14	79
25	4	76	14	80
26	4	170	14	187
27	4	178	14	191
28	5	6	15	16
29	5	9	15	19
30	5	10	15	20
31	5	13	15	23
32	5	60	15	70
33	5	74	15	78
34	5	75	15	79
35	5	76	15	80
36	6	7	16	17
37	6	8	16	18
38	6	9	16	19
39	6	10	16	20
40	6	166	16	183
41	6	169	16	186
42	6	177	16	190
43	7	8	17	18
44	7	9	17	19
45	7	10	17	20
46	7	177	17	190
47	7	182	17	195
48	7	319	17	333
49	7	321	17	335
50	8	9	18	19
51	8	10	18	20
52	8	11	18	21
53	8	12	18	22
54	8	283	18	297
55	8	285	18	299
56	8	286	18	300
57	8	321	18	335
58	9	10	19	20
59	9	11	19	21
60	9	12	19	22
61	9	60	19	70
62	9	76	19	80
63	9	130	19	148
64	9	166	19	183
65	9	283	19	297
66	10	11	20	21
67	10	13	20	23
68	10	14	20	24
69	10	73	20	77
70	10	74	20	78
71	11	12	21	22
72	11	13	21	23
73	11	323	21	337
74	11	1014	21	1007
75	12	13	22	23
76	12	15	22	25
77	12	25	22	35
78	12	129	22	147
79	12	130	22	148
80	12	283	22	297
81	13	14	23	24
82	13	15	23	25
83	13	16	23	26
84	13	17	23	27
85	13	60	23	70
86	13	68	23	72
87	13	74	23	78
88	13	103	23	121
89	13	130	23	148
90	14	15	24	25
91	14	16	24	26
92	14	17	24	27
93	14	18	24	28
94	14	74	24	78
95	14	1011	24	1004
96	14	1014	24	1007
97	15	16	25	26
98	15	19	25	29
99	15	24	25	34
100	15	25	25	35
101	15	1014	25	1007
102	15	1030	25	1023
103	15	1031	25	1024
104	16	17	26	27
105	16	18	26	28
106	16	103	26	121
107	17	18	27	28
108	17	20	27	30
109	17	68	27	72
110	18	19	28	29
111	18	20	28	30
112	18	1014	28	1007
113	18	1015	28	1008
114	18	1018	28	1011
115	18	1030	28	1023
116	19	20	29	30
117	19	22	29	32
118	19	24	29	34
119	19	1030	29	1023
120	20	21	30	31
121	21	22	31	32
122	21	23	31	33
123	22	23	32	33
124	22	24	32	34
125	23	24	33	34
126	23	26	33	36
127	23	97	33	115
128	23	368	33	381
129	24	25	34	35
130	24	374	34	383
131	25	26	35	36
132	25	128	35	146
133	25	129	35	147
134	25	374	35	383
135	25	1031	35	1024
136	26	27	36	37
137	26	28	36	38
138	26	97	36	115
139	26	100	36	118
140	26	101	36	119
141	26	110	36	128
142	26	374	36	383
143	27	28	37	38
144	27	126	37	144
145	27	127	37	145
146	27	374	37	383
147	28	29	38	39
148	28	97	38	115
149	28	124	38	142
150	28	125	38	143
151	28	126	38	144
152	28	368	38	381
153	29	30	39	40
154	29	31	39	41
155	29	125	39	143
156	29	137	39	155
157	29	365	39	378
158	29	366	39	379
159	29	367	39	380
160	30	31	40	41
161	30	122	40	140
162	30	123	40	141
163	30	124	40	142
164	31	32	41	42
165	31	33	41	43
166	31	123	41	141
167	31	125	41	143
168	31	362	41	375
169	32	33	42	43
170	32	122	42	140
171	32	363	42	376
172	32	364	42	377
173	33	34	43	44
174	33	121	43	139
175	33	123	43	141
176	33	360	43	373
177	33	362	43	375
178	34	35	44	45
179	34	120	44	138
180	34	360	44	373
181	34	363	44	376
182	35	36	45	46
183	35	119	45	137
184	35	360	45	373
185	36	37	46	47
186	36	119	46	137
187	36	359	46	372
188	37	38	47	48
189	37	39	47	49
190	37	42	47	52
191	37	113	47	131
192	37	121	47	139
193	37	148	47	166
194	37	360	47	373
195	38	39	48	49
196	38	40	48	50
197	38	41	48	51
198	38	148	48	166
199	39	40	49	50
200	39	41	49	51
201	39	42	49	52
202	39	86	49	90
203	39	88	49	92
204	39	113	49	131
205	39	121	49	139
206	40	41	50	51
207	40	42	50	52
208	40	43	50	53
209	40	44	50	54
210	41	42	51	52
211	41	43	51	53
212	41	44	51	54
213	41	45	51	55
214	41	148	51	166
215	41	151	51	169
216	41	152	51	170
217	42	43	52	53
218	42	44	52	54
219	42	45	52	55
220	42	46	52	56
221	42	86	52	90
222	42	113	52	131
223	42	123	52	141
224	42	144	52	162
225	42	145	52	163
226	42	148	52	166
227	43	44	53	54
228	43	45	53	55
229	43	46	53	56
230	43	47	53	57
231	43	85	53	89
232	43	86	53	90
233	44	45	54	55
234	44	46	54	56
235	44	47	54	57
236	44	151	54	169
237	45	46	55	56
238	45	47	55	57
239	45	48	55	58
240	45	144	55	162
241	45	147	55	165
242	45	148	55	166
243	45	151	55	169
244	46	47	56	57
245	46	48	56	58
246	46	49	56	59
247	46	50	56	60
248	46	84	56	88
249	46	109	56	127
250	46	125	56	143
251	46	144	56	162
252	47	48	57	58
253	47	49	57	59
254	47	50	57	60
255	47	51	57	61
256	47	83	57	87
257	47	84	57	88
258	48	49	58	59
259	48	50	58	60
260	48	51	58	61
261	48	52	58	62
262	48	147	58	165
263	48	157	58	175
264	49	50	59	60
265	49	51	59	61
266	49	52	59	62
267	49	53	59	63
268	49	56	59	66
269	49	140	59	158
270	49	143	59	161
271	49	144	59	162
272	49	147	59	165
273	50	51	60	61
274	50	56	60	66
275	50	57	60	67
276	50	82	60	86
277	50	84	60	88
278	50	107	60	125
279	51	52	61	62
280	51	57	61	67
281	51	81	61	85
282	52	53	62	63
283	52	57	62	67
284	52	143	62	161
285	52	159	62	177
286	52	160	62	178
287	52	162	62	180
288	53	54	63	64
289	53	55	63	65
290	53	56	63	66
291	53	57	63	67
292	53	139	63	157
293	53	140	63	158
294	53	143	63	161
295	53	162	63	180
296	53	281	63	295
297	54	55	64	65
298	54	56	64	66
299	54	57	64	67
300	54	58	64	68
301	54	78	64	82
302	54	165	64	182
303	55	56	65	66
304	55	57	65	67
305	55	58	65	68
306	55	131	65	149
307	55	166	65	183
308	55	281	65	295
309	55	282	65	296
310	56	57	66	67
311	56	107	66	125
312	56	108	66	126
313	56	109	66	127
314	56	132	66	150
315	56	140	66	158
316	57	58	67	68
317	57	78	67	82
318	57	79	67	83
319	57	80	67	84
320	57	81	67	85
321	57	82	67	86
322	58	59	68	69
323	58	60	68	70
324	58	76	68	80
325	58	77	68	81
326	58	78	68	82
327	59	60	69	70
328	59	79	69	83
329	59	82	69	86
330	59	104	69	122
331	59	105	69	123
332	60	67	70	71
333	60	76	70	80
334	60	103	70	121
335	60	130	70	148
336	60	131	70	149
337	67	68	71	72
338	67	71	71	75
339	67	75	71	79
340	67	77	71	81
341	68	69	72	73
342	68	71	72	75
343	68	104	72	122
344	69	70	73	74
345	69	71	73	75
346	70	71	74	75
347	71	72	75	76
348	71	73	75	77
349	72	73	76	77
350	73	74	77	78
351	73	75	77	79
352	73	178	77	191
353	74	75	78	79
354	75	76	79	80
355	75	77	79	81
356	76	77	80	81
357	76	166	80	183
358	76	170	80	187
359	77	78	81	82
360	78	79	82	83
361	79	80	83	84
362	79	82	83	86
363	80	81	84	85
364	81	82	85	86
365	81	83	85	87
366	82	83	86	87
367	82	105	86	123
368	82	106	86	124
369	82	107	86	125
370	83	84	87	88
371	83	85	87	89
372	83	107	87	125
373	84	85	88	89
374	84	86	88	90
375	84	107	88	125
376	84	109	88	127
377	84	110	88	128
378	84	111	88	129
379	85	86	89	90
380	86	87	90	91
381	86	111	90	129
382	86	112	90	130
383	86	113	90	131
384	87	88	91	92
385	87	89	91	93
386	87	112	91	130
387	88	89	92	93
388	88	113	92	131
389	89	114	93	132
390	90	91	101	102
391	90	92	101	103
392	90	93	101	104
393	90	94	101	105
394	91	92	102	103
395	91	93	102	104
396	91	94	102	105
397	92	93	103	104
398	92	94	103	105
399	92	95	103	106
400	92	96	103	107
401	92	116	103	134
402	93	94	104	105
403	93	96	104	107
404	94	95	105	106
405	94	96	105	107
406	95	96	106	107
407	96	114	107	132
408	96	116	107	134
409	96	122	107	140
410	96	124	107	142
411	97	98	115	116
412	97	368	115	381
413	98	99	116	117
414	98	100	116	118
415	99	100	117	118
416	99	110	117	128
417	100	101	118	119
418	100	110	118	128
419	101	102	119	120
420	101	103	119	121
421	101	106	119	124
422	101	107	119	125
423	101	108	119	126
424	101	109	119	127
425	101	110	119	128
426	101	126	119	144
427	101	127	119	145
428	101	128	119	146
429	102	103	120	121
430	102	104	120	122
431	102	105	120	123
432	102	106	120	124
433	103	104	121	122
434	103	128	121	146
435	103	130	121	148
436	104	105	122	123
437	105	106	123	124
438	106	107	124	125
439	106	108	124	126
440	107	108	125	126
441	107	109	125	127
442	108	109	126	127
443	108	127	126	145
444	108	128	126	146
445	108	131	126	149
446	109	110	127	128
447	109	125	127	143
448	109	126	127	144
449	109	127	127	145
450	110	111	128	129
451	110	126	128	144
452	111	112	129	130
453	111	123	129	141
454	111	124	129	142
455	111	125	129	143
456	112	113	130	131
457	112	114	130	132
458	112	123	130	141
459	113	114	131	132
460	113	121	131	139
461	113	123	131	141
462	114	115	132	133
463	114	121	132	139
464	114	122	132	140
465	114	124	132	142
466	115	116	133	134
467	115	117	133	135
468	115	118	133	136
469	115	121	133	139
470	116	117	134	135
471	116	120	134	138
472	116	122	134	140
473	117	118	135	136
474	117	119	135	137
475	117	120	135	138
476	118	119	136	137
477	119	120	137	138
478	119	121	137	139
479	120	121	138	139
480	121	122	139	140
481	122	123	140	141
482	123	124	141	142
483	123	125	141	143
484	123	144	141	162
485	123	145	141	163
486	124	125	142	143
487	124	126	142	144
488	125	126	143	144
489	125	137	143	155
490	125	141	143	159
491	125	144	143	162
492	126	127	144	145
493	127	128	145	146
494	127	132	145	150
495	127	133	145	151
496	127	134	145	152
497	127	137	145	155
498	128	129	146	147
499	128	130	146	148
500	129	130	147	148
501	129	131	147	149
502	129	132	147	150
503	129	133	147	151
504	129	283	147	297
505	129	285	147	299
506	130	131	148	149
507	130	283	148	297
508	131	132	149	150
509	131	282	149	296
510	132	133	150	151
511	132	136	150	154
512	132	137	150	155
513	132	281	150	295
514	132	282	150	296
515	133	134	151	152
516	133	135	151	153
517	133	136	151	154
518	133	282	151	296
519	133	283	151	297
520	133	284	151	298
521	133	285	151	299
522	134	135	152	153
523	134	137	152	155
524	134	347	152	360
525	135	136	153	154
526	135	137	153	155
527	135	272	153	284
528	135	343	153	357
529	135	345	153	358
530	136	137	154	155
531	136	138	154	156
532	136	139	154	157
533	136	140	154	158
534	136	272	154	284
535	136	281	154	295
536	136	282	154	296
537	136	284	154	298
538	137	138	155	156
539	137	139	155	157
540	137	140	155	158
541	137	141	155	159
542	137	351	155	364
543	138	139	156	157
544	138	140	156	158
545	138	141	156	159
546	138	142	156	160
547	138	351	156	364
548	139	140	157	158
549	139	142	157	160
550	139	143	157	161
551	139	281	157	295
552	140	141	158	159
553	140	142	158	160
554	140	143	158	161
555	140	144	158	162
556	140	281	158	295
557	141	142	159	160
558	141	143	159	161
559	141	144	159	162
560	141	145	159	163
561	142	143	160	161
562	142	144	160	162
563	142	146	160	164
564	143	144	161	162
565	143	145	161	163
566	143	159	161	177
567	144	145	162	163
568	144	147	162	165
569	144	148	162	166
570	145	146	163	164
571	145	147	163	165
572	145	148	163	166
573	145	149	163	167
574	145	358	163	371
575	145	360	163	373
576	145	362	163	375
577	146	147	164	165
578	146	148	164	166
579	146	150	164	168
580	146	159	164	177
581	147	148	165	166
582	147	149	165	167
583	147	150	165	168
584	147	151	165	169
585	147	157	165	175
586	147	159	165	177
587	148	149	166	167
588	148	150	166	168
589	148	152	166	170
590	148	360	166	373
591	149	150	167	168
592	149	152	167	170
593	149	153	167	171
594	149	357	167	370
595	149	358	167	371
596	150	151	168	169
597	150	155	168	173
598	150	157	168	175
599	151	152	169	170
600	151	153	169	171
601	151	154	169	172
602	151	157	169	175
603	152	153	170	171
604	152	357	170	370
605	152	358	170	371
606	152	359	170	372
607	153	154	171	172
608	153	155	171	173
609	154	155	172	173
610	155	156	173	174
611	156	157	174	175
612	157	158	175	176
613	157	159	175	177
614	158	159	176	177
615	159	160	177	178
616	160	161	178	179
617	161	162	179	180
618	162	163	180	181
619	162	165	180	182
620	163	165	181	182
621	163	168	181	185
622	163	274	181	288
623	163	280	181	294
624	165	166	182	183
625	165	167	182	184
626	165	168	182	185
627	165	280	182	294
628	166	167	183	184
629	166	168	183	185
630	166	169	183	186
631	166	170	183	187
632	166	280	183	294
633	166	281	183	295
634	166	282	183	296
635	166	283	183	297
636	166	284	183	298
637	167	168	184	185
638	167	169	184	186
639	167	170	184	187
640	167	175	184	188
641	168	169	185	186
642	168	170	185	187
643	168	175	185	188
644	168	280	185	294
645	169	170	186	187
646	169	175	186	188
647	169	176	186	189
648	169	177	186	190
649	169	274	186	288
650	169	280	186	294
651	169	284	186	298
652	169	319	186	333
653	170	175	187	188
654	170	176	187	189
655	170	177	187	190
656	170	178	187	191
657	175	176	188	189
658	175	177	188	190
659	175	178	188	191
660	176	177	189	190
661	176	178	189	191
662	176	179	189	192
663	176	180	189	193
664	176	273	189	287
665	176	274	189	288
666	176	316	189	330
667	176	319	189	333
668	177	178	190	191
669	177	179	190	192
670	177	180	190	193
671	177	319	190	333
672	178	179	191	192
673	178	182	191	195
674	179	180	192	193
675	180	181	193	194
676	180	182	193	195
677	180	273	193	287
678	180	319	193	333
679	181	182	194	195
680	181	183	194	196
681	181	184	194	197
682	181	319	194	333
683	182	183	195	196
684	182	184	195	197
685	182	185	195	198
686	182	186	195	199
687	182	319	195	333
688	183	184	196	197
689	183	185	196	198
690	183	186	196	199
691	183	187	196	200
692	184	185	197	198
693	184	186	197	199
694	184	187	197	200
695	185	186	198	199
696	185	187	198	200
697	185	188	198	201
698	185	189	198	202
699	185	317	198	331
700	185	319	198	333
701	185	320	198	334
702	186	187	199	200
703	186	188	199	201
704	186	190	199	203
705	186	320	199	334
706	186	324	199	338
707	186	328	199	342
708	187	188	200	201
709	187	189	200	202
710	187	190	200	203
711	187	191	200	204
712	188	189	201	202
713	188	190	201	203
714	188	191	201	204
715	188	192	201	205
716	188	310	201	324
717	188	313	201	327
718	188	314	201	328
719	188	317	201	331
720	189	190	202	203
721	189	191	202	204
722	189	192	202	205
723	189	193	202	206
724	189	288	202	302
725	189	289	202	303
726	189	314	202	328
727	189	317	202	331
728	189	320	202	334
729	189	325	202	339
730	190	191	203	204
731	190	192	203	205
732	190	194	203	207
733	190	328	203	342
734	191	192	204	205
735	191	193	204	206
736	191	194	204	207
737	192	193	205	206
738	192	289	205	303
739	192	290	205	304
740	192	291	205	305
741	192	310	205	324
742	193	194	206	207
743	193	196	206	209
744	193	289	206	303
745	193	291	206	305
746	193	325	206	339
747	193	334	206	348
748	194	195	207	208
749	194	291	207	305
750	194	900	207	897
751	194	901	207	898
752	195	196	208	209
753	195	291	208	305
754	195	901	208	898
755	195	902	208	899
756	195	903	208	900
757	196	197	209	210
758	196	198	209	211
759	196	199	209	212
760	196	262	209	274
761	196	263	209	275
762	196	264	209	276
763	196	291	209	305
764	196	331	209	345
765	196	334	209	348
766	197	198	210	211
767	197	331	210	345
768	197	868	210	865
769	197	902	210	899
770	197	903	210	900
771	197	904	210	901
772	198	199	211	212
773	198	331	211	345
774	198	871	211	868
775	199	200	212	213
776	199	201	212	214
777	199	254	212	266
778	199	258	212	270
779	199	263	212	275
780	199	264	212	276
781	199	333	212	347
782	199	337	212	351
783	199	871	212	868
784	200	201	213	214
785	200	203	213	216
786	200	207	213	219
787	200	258	213	270
788	200	333	213	347
789	200	336	213	350
790	201	202	214	215
791	201	203	214	216
792	201	254	214	266
793	201	258	214	270
794	201	336	214	350
795	201	337	214	351
796	202	203	215	216
797	202	205	215	217
798	202	206	215	218
799	202	207	215	219
800	202	250	215	262
801	202	254	215	266
802	202	257	215	269
803	202	258	215	270
804	202	379	215	388
805	202	401	215	409
806	202	405	215	413
807	202	409	215	417
808	203	205	216	217
809	203	207	216	219
810	205	206	217	218
811	205	804	217	803
812	205	850	217	847
813	205	873	217	870
814	206	207	218	219
815	206	257	218	269
816	206	401	218	409
817	206	405	218	413
818	206	802	218	801
819	207	208	219	220
820	207	333	219	347
821	207	336	219	350
822	207	378	219	387
823	207	400	219	408
824	207	401	219	409
825	208	209	220	221
826	208	398	220	406
827	208	399	220	407
828	208	400	220	408
829	208	401	220	409
830	208	402	220	410
831	209	210	221	222
832	210	211	222	223
833	210	399	222	407
834	211	212	223	224
835	212	213	224	225
836	212	399	224	407
837	213	214	225	226
838	213	397	225	405
839	213	399	225	407
840	214	215	226	227
841	214	216	226	228
842	214	375	226	384
843	214	377	226	386
844	214	378	226	387
845	214	380	226	389
846	214	396	226	404
847	214	397	226	405
848	214	399	226	407
849	215	216	227	228
850	215	397	227	405
851	215	398	227	406
852	215	399	227	407
853	216	217	228	229
854	216	375	228	384
855	217	218	229	230
856	217	396	229	404
857	217	398	229	406
858	217	403	229	411
859	218	219	230	231
860	218	220	230	232
861	218	393	230	401
862	218	396	230	404
863	219	220	231	232
864	219	221	231	233
865	219	406	231	414
866	219	407	231	415
867	219	410	231	418
868	220	221	232	233
869	220	393	232	401
870	221	222	233	234
871	221	392	233	400
872	221	394	233	402
873	221	410	233	418
874	221	413	233	421
875	221	414	233	422
876	222	223	234	235
877	222	389	234	397
878	222	390	234	398
879	222	391	234	399
880	222	414	234	422
881	223	224	235	236
882	223	227	235	239
883	223	228	235	240
884	223	389	235	397
885	223	390	235	398
886	223	392	235	400
887	223	414	235	422
888	223	417	235	425
889	224	225	236	237
890	224	226	236	238
891	224	227	236	239
892	224	228	236	240
893	224	389	236	397
894	225	226	237	238
895	225	228	237	240
896	225	388	237	396
897	225	389	237	397
898	226	227	238	239
899	226	228	238	240
900	226	229	238	241
901	227	228	239	240
902	227	231	239	243
903	227	418	239	426
904	228	229	240	241
905	228	231	240	243
906	228	232	240	244
907	228	388	240	396
908	228	389	240	397
909	228	390	240	398
910	229	230	241	242
911	229	231	241	243
912	229	232	241	244
913	229	233	241	245
914	230	231	242	243
915	230	234	242	246
916	230	421	242	429
917	231	232	243	244
918	231	233	243	245
919	231	234	243	246
920	231	245	243	257
921	231	246	243	258
922	231	249	243	261
923	231	390	243	398
924	231	417	243	425
925	231	421	243	429
926	232	233	244	245
927	232	242	244	254
928	233	234	245	246
929	233	236	245	248
930	234	235	246	247
931	234	236	246	248
932	234	237	246	249
933	234	238	246	250
934	234	300	246	314
935	234	301	246	315
936	234	421	246	429
937	234	424	246	432
938	235	236	247	248
939	235	238	247	250
940	235	240	247	252
941	235	241	247	253
942	235	245	247	257
943	236	237	248	249
944	236	238	248	250
945	236	239	248	251
946	237	238	249	250
947	237	239	249	251
948	238	239	250	251
949	238	240	250	252
950	238	301	250	315
951	238	304	250	318
952	239	240	251	252
953	240	241	252	253
954	240	244	252	256
955	240	304	252	318
956	240	308	252	322
957	241	242	253	254
958	241	243	253	255
959	241	244	253	256
960	241	308	253	322
961	242	243	254	255
962	242	244	254	256
963	242	245	254	257
964	242	341	254	355
965	242	386	254	394
966	243	244	255	256
967	243	245	255	257
968	243	246	255	258
969	243	247	255	259
970	243	341	255	355
971	244	245	256	257
972	244	247	256	259
973	244	290	256	304
974	244	304	256	318
975	244	307	256	321
976	244	308	256	322
977	244	311	256	325
978	245	246	257	258
979	245	247	257	259
980	245	248	257	260
981	245	249	257	261
982	245	304	257	318
983	246	247	258	259
984	246	248	258	260
985	246	249	258	261
986	246	339	258	353
987	246	341	258	355
988	246	381	258	390
989	246	384	258	392
990	247	248	259	260
991	247	250	259	262
992	247	251	259	263
993	247	265	259	277
994	247	267	259	279
995	247	290	259	304
996	247	307	259	321
997	247	339	259	353
998	248	249	260	261
999	248	251	260	263
1000	248	300	260	314
1001	248	303	260	317
1002	248	304	260	318
1003	248	307	260	321
1004	249	250	261	262
1005	249	251	261	263
1006	249	252	261	264
1007	249	300	261	314
1008	249	413	261	421
1009	249	417	261	425
1010	249	420	261	428
1011	250	251	262	263
1012	250	252	262	264
1013	250	253	262	265
1014	250	254	262	266
1015	250	265	262	277
1016	250	337	262	351
1017	250	339	262	353
1018	250	379	262	388
1019	250	381	262	390
1020	250	394	262	402
1021	250	409	262	417
1022	250	413	262	421
1023	251	252	263	264
1024	251	253	263	265
1025	251	254	263	266
1026	251	255	263	267
1027	251	263	263	275
1028	251	265	263	277
1029	251	292	263	306
1030	252	253	264	265
1031	252	255	264	267
1032	252	256	264	268
1033	252	294	264	308
1034	252	303	264	317
1035	252	420	264	428
1036	252	428	264	436
1037	252	433	264	441
1038	253	254	265	266
1039	253	255	265	267
1040	253	257	265	269
1041	253	409	265	417
1042	253	412	265	420
1043	253	433	265	441
1044	254	255	266	267
1045	254	256	266	268
1046	254	257	266	269
1047	254	258	266	270
1048	254	263	266	275
1049	254	265	266	277
1050	255	256	267	268
1051	255	260	267	272
1052	255	261	267	273
1053	255	263	267	275
1054	255	294	267	308
1055	256	257	268	269
1056	256	428	268	436
1057	256	429	268	437
1058	256	431	268	439
1059	256	433	268	441
1060	256	793	268	792
1061	256	797	268	796
1062	256	799	268	798
1063	256	800	268	799
1064	256	803	268	802
1065	257	258	269	270
1066	257	405	269	413
1067	257	409	269	417
1068	257	412	269	420
1069	257	800	269	799
1070	257	803	269	802
1071	258	259	270	271
1072	258	260	270	272
1073	258	263	270	275
1074	258	868	270	865
1075	259	260	271	272
1076	259	848	271	845
1077	259	866	271	863
1078	259	873	271	870
1079	260	261	272	273
1080	260	262	272	274
1081	260	263	272	275
1082	260	868	272	865
1083	261	262	273	274
1084	261	263	273	275
1085	261	293	273	307
1086	261	294	273	308
1087	262	263	274	275
1088	262	291	274	305
1089	262	293	274	307
1090	263	264	275	276
1091	263	291	275	305
1092	263	292	275	306
1093	263	294	275	308
1094	264	265	276	277
1095	264	290	276	304
1096	264	291	276	305
1097	265	266	277	278
1098	265	290	277	304
1099	265	292	277	306
1100	265	335	277	349
1101	265	337	277	351
1102	265	339	277	353
1103	266	267	278	279
1104	266	287	278	301
1105	266	288	278	302
1106	266	289	278	303
1107	266	335	278	349
1108	266	338	278	352
1109	267	268	279	280
1110	267	269	279	281
1111	267	287	279	301
1112	267	288	279	302
1113	267	290	279	304
1114	268	269	280	281
1115	268	286	280	300
1116	268	287	280	301
1117	268	340	280	354
1118	269	270	281	282
1119	269	285	281	299
1120	269	286	281	300
1121	269	288	281	302
1122	269	318	281	332
1123	270	271	282	283
1124	270	272	282	284
1125	270	284	282	298
1126	270	285	282	299
1127	270	318	282	332
1128	271	272	283	284
1129	271	284	283	298
1130	271	318	283	332
1131	272	277	284	291
1132	272	278	284	292
1133	272	279	284	293
1134	272	280	284	294
1135	272	284	284	298
1136	273	274	287	288
1137	273	316	287	330
1138	274	275	288	289
1139	274	277	288	291
1140	274	280	288	294
1141	275	276	289	290
1142	276	277	290	291
1143	276	278	290	292
1144	277	278	291	292
1145	277	279	291	293
1146	277	280	291	294
1147	277	284	291	298
1148	278	279	292	293
1149	279	280	293	294
1150	280	281	294	295
1151	280	284	294	298
1152	281	282	295	296
1153	281	284	295	298
1154	282	283	296	297
1155	282	284	296	298
1156	283	284	297	298
1157	284	285	298	299
1158	285	286	299	300
1159	286	287	300	301
1160	286	288	300	302
1161	286	318	300	332
1162	286	319	300	333
1163	286	320	300	334
1164	286	321	300	335
1165	287	288	301	302
1166	287	322	301	336
1167	287	335	301	349
1168	287	338	301	352
1169	287	377	301	386
1170	288	289	302	303
1171	288	322	302	336
1172	288	325	302	339
1173	289	290	303	304
1174	289	322	303	336
1175	289	325	303	339
1176	289	334	303	348
1177	289	335	303	349
1178	290	291	304	305
1179	290	307	304	321
1180	290	310	304	324
1181	290	311	304	325
1182	291	292	305	306
1183	291	293	305	307
1184	292	293	306	307
1185	292	294	306	308
1186	292	303	306	317
1187	292	307	306	321
1188	293	294	307	308
1189	293	306	307	320
1190	294	295	308	309
1191	294	298	308	312
1192	294	303	308	317
1193	294	428	308	436
1194	295	296	309	310
1195	295	298	309	312
1196	295	306	309	320
1197	296	297	310	311
1198	297	298	311	312
1199	297	427	311	435
1200	298	299	312	313
1201	298	302	312	316
1202	298	303	312	317
1203	298	306	312	320
1204	298	427	312	435
1205	299	300	313	314
1206	299	301	313	315
1207	299	302	313	316
1208	299	303	313	317
1209	299	424	313	432
1210	299	425	313	433
1211	299	426	313	434
1212	299	427	313	435
1213	299	428	313	436
1214	300	301	314	315
1215	300	302	314	316
1216	300	303	314	317
1217	300	304	314	318
1218	300	420	314	428
1219	300	421	314	429
1220	300	424	314	432
1221	300	428	314	436
1222	301	302	315	316
1223	301	303	315	317
1224	301	304	315	318
1225	301	424	315	432
1226	301	425	315	433
1227	302	303	316	317
1228	302	305	316	319
1229	302	306	316	320
1230	303	304	317	318
1231	303	305	317	319
1232	303	306	317	320
1233	303	307	317	321
1234	304	305	318	319
1235	304	306	318	320
1236	304	307	318	321
1237	305	306	319	320
1238	305	307	319	321
1239	305	309	319	323
1240	306	307	320	321
1241	306	309	320	323
1242	307	308	321	322
1243	307	309	321	323
1244	307	311	321	325
1245	308	309	322	323
1246	308	311	322	325
1247	309	310	323	324
1248	309	311	323	325
1249	309	312	323	326
1250	309	313	323	327
1251	310	311	324	325
1252	310	312	324	326
1253	310	313	324	327
1254	310	314	324	328
1255	311	312	325	326
1256	311	314	325	328
1257	312	313	326	327
1258	312	314	326	328
1259	312	315	326	329
1260	313	314	327	328
1261	313	316	327	330
1262	314	315	328	329
1263	314	316	328	330
1264	314	317	328	331
1265	314	318	328	332
1266	315	316	329	330
1267	315	317	329	331
1268	315	318	329	332
1269	316	317	330	331
1270	316	319	330	333
1271	317	318	331	332
1272	317	319	331	333
1273	317	320	331	334
1274	318	319	332	333
1275	318	320	332	334
1276	319	320	333	334
1277	319	321	333	335
1278	320	321	334	335
1279	320	324	334	338
1280	320	325	334	339
1281	321	322	335	336
1282	321	323	335	337
1283	321	324	335	338
1284	321	325	335	339
1285	322	323	336	337
1286	322	324	336	338
1287	322	325	336	339
1288	322	335	336	349
1289	322	377	336	386
1290	323	324	337	338
1291	323	326	337	340
1292	323	327	337	341
1293	323	1010	337	1003
1294	323	1031	337	1024
1295	323	1034	337	1027
1296	324	325	338	339
1297	324	326	338	340
1298	324	327	338	341
1299	324	1010	338	1003
1300	324	1034	338	1027
1301	325	326	339	340
1302	325	329	339	343
1303	326	327	340	341
1304	326	328	340	342
1305	326	329	340	343
1306	326	331	340	345
1307	326	332	340	346
1308	326	334	340	348
1309	327	328	341	342
1310	327	1004	341	997
1311	327	1034	341	1027
1312	328	329	342	343
1313	329	330	343	344
1314	329	334	343	348
1315	330	331	344	345
1316	330	332	344	346
1317	330	903	344	900
1318	331	332	345	346
1319	331	333	345	347
1320	331	334	345	348
1321	331	870	345	867
1322	332	333	346	347
1323	332	334	346	348
1324	333	334	347	348
1325	333	336	347	350
1326	334	335	348	349
1327	335	336	349	350
1328	335	338	349	352
1329	335	377	349	386
1330	336	337	350	351
1331	336	377	350	386
1332	337	338	351	352
1333	337	377	351	386
1334	337	379	351	388
1335	338	339	352	353
1336	338	377	352	386
1337	338	380	352	389
1338	339	340	353	354
1339	339	381	353	390
1340	340	341	354	355
1341	340	383	354	391
1342	341	342	355	356
1343	341	384	355	392
1344	341	385	355	393
1345	341	386	355	394
1346	341	390	355	398
1347	342	343	356	357
1348	342	345	356	358
1349	342	346	356	359
1350	342	347	356	360
1351	343	345	357	358
1352	343	346	357	359
1353	345	346	358	359
1354	345	386	358	394
1355	346	347	359	360
1356	346	348	359	361
1357	346	349	359	362
1358	346	350	359	363
1359	346	385	359	393
1360	346	386	359	394
1361	347	348	360	361
1362	347	351	360	364
1363	347	367	360	380
1364	348	349	361	362
1365	348	352	361	365
1366	348	365	361	378
1367	349	350	362	363
1368	349	353	362	366
1369	349	385	362	393
1370	349	391	362	399
1371	350	351	363	364
1372	350	353	363	366
1373	351	352	364	365
1374	351	362	364	375
1375	352	353	365	366
1376	352	362	365	375
1377	352	363	365	376
1378	352	364	365	377
1379	352	365	365	378
1380	353	354	366	367
1381	354	355	367	368
1382	354	356	367	369
1383	355	356	368	369
1384	355	357	368	370
1385	355	359	368	372
1386	355	360	368	373
1387	355	361	368	374
1388	356	357	369	370
1389	357	358	370	371
1390	358	359	371	372
1391	358	360	371	373
1392	359	360	372	373
1393	360	361	373	374
1394	360	362	373	375
1395	361	362	374	375
1396	361	363	374	376
1397	362	363	375	376
1398	362	365	375	378
1399	363	364	376	377
1400	364	365	377	378
1401	364	366	377	379
1402	365	366	378	379
1403	366	367	379	380
1404	366	373	379	382
1405	367	368	380	381
1406	367	373	380	382
1407	368	373	381	382
1408	368	374	381	383
1409	373	374	382	383
1410	374	375	383	384
1411	375	376	384	385
1412	376	377	385	386
1413	377	378	386	387
1414	377	379	386	388
1415	377	380	386	389
1416	378	379	387	388
1417	378	380	387	389
1418	378	396	387	404
1419	378	397	387	405
1420	378	400	387	408
1421	378	401	387	409
1422	379	380	388	389
1423	379	394	388	402
1424	379	395	388	403
1425	379	396	388	404
1426	379	401	388	409
1427	379	409	388	417
1428	380	381	389	390
1429	380	383	389	391
1430	380	394	389	402
1431	380	395	389	403
1432	381	383	390	391
1433	381	392	390	400
1434	381	394	390	402
1435	381	413	390	421
1436	383	384	391	392
1437	383	393	391	401
1438	384	385	392	393
1439	384	390	392	398
1440	384	391	392	399
1441	384	392	392	400
1442	385	386	393	394
1443	385	390	393	398
1444	385	391	393	399
1445	386	387	394	395
1446	387	388	395	396
1447	387	389	395	397
1448	388	389	396	397
1449	389	390	397	398
1450	389	391	397	399
1451	390	391	398	399
1452	390	392	398	400
1453	391	392	399	400
1454	392	393	400	401
1455	392	413	400	421
1456	393	394	401	402
1457	393	395	401	403
1458	394	395	402	403
1459	394	396	402	404
1460	394	406	402	414
1461	394	409	402	417
1462	395	396	403	404
1463	396	397	404	405
1464	396	398	404	406
1465	396	401	404	409
1466	396	403	404	411
1467	396	406	404	414
1468	397	398	405	406
1469	397	399	405	407
1470	397	400	405	408
1471	398	399	406	407
1472	398	400	406	408
1473	398	401	406	409
1474	399	400	407	408
1475	400	401	408	409
1476	401	402	409	410
1477	401	405	409	413
1478	401	406	409	414
1479	402	403	410	411
1480	402	404	410	412
1481	402	405	410	413
1482	403	404	411	412
1483	403	405	411	413
1484	403	406	411	414
1485	403	407	411	415
1486	404	405	412	413
1487	404	407	412	415
1488	404	408	412	416
1489	405	406	413	414
1490	405	407	413	415
1491	405	408	413	416
1492	405	409	413	417
1493	406	407	414	415
1494	406	409	414	417
1495	407	408	415	416
1496	407	409	415	417
1497	407	410	415	418
1498	408	409	416	417
1499	408	410	416	418
1500	408	411	416	419
1501	408	412	416	420
1502	408	801	416	800
1503	409	410	417	418
1504	409	412	417	420
1505	409	413	417	421
1506	410	411	418	419
1507	410	412	418	420
1508	410	413	418	421
1509	411	412	419	420
1510	411	414	419	422
1511	411	415	419	423
1512	411	435	419	443
1513	411	438	419	446
1514	412	413	420	421
1515	412	415	420	423
1516	412	416	420	424
1517	412	438	420	446
1518	412	800	420	799
1519	413	414	421	422
1520	413	415	421	423
1521	413	416	421	424
1522	413	417	421	425
1523	414	415	422	423
1524	414	416	422	424
1525	414	417	422	425
1526	415	416	423	424
1527	415	417	423	425
1528	415	418	423	426
1529	415	419	423	427
1530	415	432	423	440
1531	415	433	423	441
1532	415	434	423	442
1533	415	435	423	443
1534	416	417	424	425
1535	416	418	424	426
1536	416	420	424	428
1537	416	433	424	441
1538	417	418	425	426
1539	417	421	425	429
1540	418	419	426	427
1541	418	421	426	429
1542	418	422	426	430
1543	419	420	427	428
1544	419	422	427	430
1545	419	423	427	431
1546	419	431	427	439
1547	419	432	427	440
1548	420	421	428	429
1549	420	423	428	431
1550	420	428	428	436
1551	420	431	428	439
1552	421	422	429	430
1553	421	423	429	431
1554	421	424	429	432
1555	422	423	430	431
1556	422	424	430	432
1557	423	424	431	432
1558	423	425	431	433
1559	423	426	431	434
1560	424	425	432	433
1561	425	426	433	434
1562	426	427	434	435
1563	426	431	434	439
1564	427	428	435	436
1565	427	429	435	437
1566	427	430	435	438
1567	427	431	435	439
1568	428	429	436	437
1569	428	430	436	438
1570	428	431	436	439
1571	429	430	437	438
1572	429	793	437	792
1573	429	794	437	793
1574	429	795	437	794
1575	430	431	438	439
1576	430	795	438	794
1577	430	797	438	796
1578	431	432	439	440
1579	431	433	439	441
1580	431	797	439	796
1581	432	433	440	441
1582	432	434	440	442
1583	432	797	440	796
1584	433	434	441	442
1585	434	435	442	443
1586	434	438	442	446
1587	434	439	442	447
1588	434	442	442	450
1589	434	798	442	797
1590	435	436	443	444
1591	435	437	443	445
1592	435	438	443	446
1593	435	439	443	447
1594	436	437	444	445
1595	436	438	444	446
1596	436	439	444	447
1597	437	438	445	446
1598	437	440	445	448
1599	437	441	445	449
1600	438	439	446	447
1601	438	440	446	448
1602	438	441	446	449
1603	438	442	446	450
1604	438	800	446	799
1605	438	801	446	800
1606	439	440	447	448
1607	439	441	447	449
1608	439	443	447	451
1609	439	798	447	797
1610	439	834	447	833
1611	440	441	448	449
1612	440	442	448	450
1613	440	444	448	452
1614	441	442	449	450
1615	441	445	449	453
1616	441	446	449	454
1617	441	801	449	800
1618	442	443	450	451
1619	442	446	450	454
1620	442	798	450	797
1621	442	801	450	800
1622	442	851	450	848
1623	443	444	451	452
1624	443	447	451	455
1625	443	790	451	789
1626	443	798	451	797
1627	443	834	451	833
1628	444	445	452	453
1629	445	446	453	454
1630	446	447	454	455
1631	446	801	454	800
1632	446	851	454	848
1633	446	855	454	852
1634	447	448	455	456
1635	447	783	455	782
1636	447	788	455	787
1637	447	789	455	788
1638	447	790	455	789
1639	448	449	456	457
1640	448	783	456	782
1641	448	784	456	783
1642	448	785	456	784
1643	448	787	456	786
1644	449	450	457	458
1645	450	451	458	459
1646	451	452	459	460
1647	451	453	459	461
1648	451	630	459	638
1649	451	785	459	784
1650	451	786	459	785
1651	452	453	460	461
1652	453	454	461	462
1653	453	630	461	638
1654	454	455	462	463
1655	454	625	462	633
1656	455	456	463	464
1657	455	598	463	606
1658	455	625	463	633
1659	456	458	464	465
1660	456	461	464	468
1661	456	462	464	469
1662	456	598	464	606
1663	456	625	464	633
1664	458	459	465	466
1665	458	460	465	467
1666	458	461	465	468
1667	458	462	465	469
1668	458	596	465	604
1669	458	598	465	606
1670	458	621	465	629
1671	459	460	466	467
1672	459	461	466	468
1673	459	462	466	469
1674	459	463	466	470
1675	459	528	466	535
1676	459	602	466	610
1677	459	621	466	629
1678	459	624	466	632
1679	459	659	466	666
1680	459	663	466	670
1681	460	461	467	468
1682	460	463	467	470
1683	460	464	467	471
1684	460	528	467	535
1685	460	529	467	536
1686	460	596	467	604
1687	461	462	468	469
1688	461	463	468	470
1689	461	464	468	471
1690	462	463	469	470
1691	462	465	469	472
1692	462	625	469	633
1693	462	629	469	637
1694	462	630	469	638
1695	462	663	469	670
1696	463	464	470	471
1697	463	465	470	472
1698	463	466	470	473
1699	463	467	470	474
1700	463	488	470	495
1701	463	489	470	496
1702	463	525	470	532
1703	463	529	470	536
1704	463	662	470	669
1705	463	663	470	670
1706	464	465	471	472
1707	464	467	471	474
1708	464	468	471	475
1709	465	466	472	473
1710	465	629	472	637
1711	466	467	473	474
1712	466	469	473	476
1713	466	485	473	492
1714	466	662	473	669
1715	466	663	473	670
1716	466	665	473	672
1717	467	468	474	475
1718	467	469	474	476
1719	467	471	474	478
1720	467	485	474	492
1721	467	489	474	496
1722	468	469	475	476
1723	468	470	475	477
1724	468	471	475	478
1725	469	470	476	477
1726	469	471	476	478
1727	470	471	477	478
1728	470	472	477	479
1729	470	473	477	480
1730	470	639	477	646
1731	471	472	478	479
1732	471	486	478	493
1733	472	473	479	480
1734	472	474	479	481
1735	472	484	479	491
1736	472	486	479	493
1737	473	474	480	481
1738	473	484	480	491
1739	473	485	480	492
1740	474	475	481	482
1741	474	482	481	489
1742	474	483	481	490
1743	474	484	481	491
1744	474	485	481	492
1745	474	667	481	674
1746	475	476	482	483
1747	475	483	482	490
1748	475	484	482	491
1749	475	485	482	492
1750	475	488	482	495
1751	475	662	482	669
1752	475	667	482	674
1753	476	477	483	484
1754	476	482	483	489
1755	476	483	483	490
1756	476	488	483	495
1757	476	518	483	525
1758	476	521	483	528
1759	476	662	483	669
1760	476	670	483	677
1761	477	478	484	485
1762	477	480	484	487
1763	477	481	484	488
1764	477	482	484	489
1765	477	518	484	525
1766	477	667	484	674
1767	477	669	484	676
1768	477	689	484	696
1769	478	479	485	486
1770	478	480	485	487
1771	478	515	485	522
1772	478	516	485	523
1773	478	517	485	524
1774	478	518	485	525
1775	478	670	485	677
1776	478	671	485	678
1777	478	672	485	679
1778	479	480	486	487
1779	479	481	486	488
1780	480	481	487	488
1781	480	482	487	489
1782	481	482	488	489
1783	481	518	488	525
1784	482	483	489	490
1785	482	667	489	674
1786	483	484	490	491
1787	483	487	490	494
1788	483	488	490	495
1789	483	522	490	529
1790	484	485	491	492
1791	484	486	491	493
1792	484	487	491	494
1793	484	488	491	495
1794	485	486	492	493
1795	485	488	492	495
1796	485	489	492	496
1797	485	661	492	668
1798	485	662	492	669
1799	485	665	492	672
1800	485	666	492	673
1801	486	487	493	494
1802	486	488	493	495
1803	486	489	493	496
1804	486	490	493	497
1805	487	488	494	495
1806	487	489	494	496
1807	487	490	494	497
1808	488	489	495	496
1809	488	490	495	497
1810	488	492	495	499
1811	488	521	495	528
1812	488	522	495	529
1813	488	525	495	532
1814	488	662	495	669
1815	489	490	496	497
1816	489	492	496	499
1817	489	493	496	500
1818	489	529	496	536
1819	490	491	497	498
1820	490	492	497	499
1821	490	493	497	500
1822	490	494	497	501
1823	490	588	497	597
1824	491	492	498	499
1825	491	494	498	501
1826	491	495	498	502
1827	491	522	498	529
1828	492	493	499	500
1829	492	494	499	501
1830	492	495	499	502
1831	492	496	499	503
1832	492	522	499	529
1833	492	525	499	532
1834	492	526	499	533
1835	492	529	499	536
1836	493	494	500	501
1837	493	495	500	502
1838	493	496	500	503
1839	493	497	500	504
1840	493	529	500	536
1841	493	588	500	597
1842	493	590	500	598
1843	493	591	500	599
1844	494	495	501	502
1845	494	496	501	503
1846	494	497	501	504
1847	494	583	501	592
1848	494	584	501	593
1849	494	587	501	596
1850	494	588	501	597
1851	495	496	502	503
1852	495	497	502	504
1853	495	499	502	506
1854	495	522	502	529
1855	495	526	502	533
1856	495	559	502	566
1857	495	578	502	587
1858	495	583	502	592
1859	496	497	503	504
1860	496	499	503	506
1861	496	500	503	507
1862	496	526	503	533
1863	496	529	503	536
1864	496	530	503	537
1865	496	592	503	600
1866	497	498	504	505
1867	497	499	504	506
1868	497	500	504	507
1869	497	501	504	508
1870	497	587	504	596
1871	497	590	504	598
1872	497	591	504	599
1873	497	592	504	600
1874	498	499	505	506
1875	498	501	505	508
1876	498	502	505	509
1877	498	576	505	585
1878	498	582	505	591
1879	498	583	505	592
1880	498	586	505	595
1881	499	500	506	507
1882	499	501	506	508
1883	499	502	506	509
1884	499	504	506	511
1885	499	510	506	517
1886	499	526	506	533
1887	499	527	506	534
1888	499	530	506	537
1889	499	557	506	564
1890	499	559	506	566
1891	500	501	507	508
1892	500	503	507	510
1893	500	505	507	512
1894	500	530	507	537
1895	500	592	507	600
1896	500	594	507	602
1897	501	502	508	509
1898	501	503	508	510
1899	501	586	508	595
1900	502	503	509	510
1901	502	574	509	583
1902	502	576	509	585
1903	503	504	510	511
1904	504	505	511	512
1905	504	508	511	515
1906	504	510	511	517
1907	505	506	512	513
1908	505	508	512	515
1909	505	531	512	538
1910	505	532	512	539
1911	506	507	513	514
1912	506	531	513	538
1913	506	597	513	605
1914	506	600	513	608
1915	507	508	514	515
1916	508	509	515	516
1917	508	532	515	539
1918	509	510	516	517
1919	509	533	516	540
1920	509	535	516	542
1921	509	553	516	560
1922	509	555	516	562
1923	509	604	516	612
1924	510	511	517	518
1925	510	512	517	519
1926	510	527	517	534
1927	510	532	517	539
1928	510	534	517	541
1929	510	535	517	542
1930	510	559	517	566
1931	511	512	518	519
1932	511	535	518	542
1933	511	555	518	562
1934	511	557	518	564
1935	511	558	518	565
1936	512	513	519	520
1937	512	523	519	530
1938	512	524	519	531
1939	512	527	519	534
1940	512	534	519	541
1941	512	535	519	542
1942	512	536	519	543
1943	512	537	519	544
1944	512	559	519	566
1945	512	649	519	656
1946	513	514	520	521
1947	513	537	520	544
1948	513	539	520	546
1949	513	546	520	553
1950	513	558	520	565
1951	513	560	520	567
1952	513	564	520	571
1953	513	566	520	573
1954	513	567	520	574
1955	513	649	520	656
1956	514	515	521	522
1957	514	520	521	527
1958	514	539	521	546
1959	514	560	521	567
1960	514	561	521	568
1961	514	649	521	656
1962	515	516	522	523
1963	515	517	522	524
1964	515	520	522	527
1965	515	539	522	546
1966	515	561	522	568
1967	515	563	522	570
1968	515	564	522	571
1969	516	517	523	524
1970	516	520	523	527
1971	516	645	523	652
1972	516	646	523	653
1973	516	647	523	654
1974	516	648	523	655
1975	516	654	523	661
1976	516	670	523	677
1977	516	671	523	678
1978	516	672	523	679
1979	516	673	523	680
1980	516	676	523	683
1981	517	518	524	525
1982	517	519	524	526
1983	517	520	524	527
1984	517	561	524	568
1985	518	519	525	526
1986	518	520	525	527
1987	518	522	525	529
1988	519	520	526	527
1989	519	521	526	528
1990	519	522	526	529
1991	519	561	526	568
1992	519	563	526	570
1993	519	578	526	587
1994	520	521	527	528
1995	520	523	527	530
1996	520	524	527	531
1997	520	649	527	656
1998	520	654	527	661
1999	521	522	528	529
2000	521	523	528	530
2001	521	524	528	531
2002	521	525	528	532
2003	521	658	528	665
2004	521	662	528	669
2005	521	668	528	675
2006	521	670	528	677
2007	522	523	529	530
2008	522	524	529	531
2009	523	524	530	531
2010	523	527	530	534
2011	523	559	530	566
2012	524	525	531	532
2013	524	527	531	534
2014	524	528	531	535
2015	524	534	531	541
2016	524	654	531	661
2017	524	658	531	665
2018	524	659	531	666
2019	525	526	532	533
2020	525	527	532	534
2021	525	528	532	535
2022	525	529	532	536
2023	525	658	532	665
2024	526	527	533	534
2025	526	529	533	536
2026	527	528	534	535
2027	527	532	534	539
2028	527	533	534	540
2029	527	534	534	541
2030	527	559	534	566
2031	528	529	535	536
2032	528	530	535	537
2033	528	531	535	538
2034	528	534	535	541
2035	528	602	535	610
2036	528	621	535	629
2037	528	659	535	666
2038	529	530	536	537
2039	529	591	536	599
2040	529	594	536	602
2041	530	531	537	538
2042	530	594	537	602
2043	531	532	538	539
2044	531	596	538	604
2045	532	533	539	540
2046	533	534	540	541
2047	533	601	540	609
2048	533	602	540	610
2049	533	603	540	611
2050	534	535	541	542
2051	534	536	541	543
2052	534	602	541	610
2053	534	603	541	611
2054	534	659	541	666
2055	535	536	542	543
2056	535	537	542	544
2057	535	549	542	556
2058	535	553	542	560
2059	535	606	542	614
2060	536	537	543	544
2061	536	604	543	612
2062	536	605	543	613
2063	536	649	543	656
2064	536	650	543	657
2065	537	538	544	545
2066	537	539	544	546
2067	537	546	544	553
2068	537	549	544	556
2069	537	550	544	557
2070	537	649	544	656
2071	538	539	545	546
2072	538	540	545	547
2073	538	541	545	548
2074	538	648	545	655
2075	538	649	545	656
2076	538	650	545	657
2077	539	540	546	547
2078	539	564	546	571
2079	539	649	546	656
2080	540	541	547	548
2081	540	648	547	655
2082	541	542	548	549
2083	541	546	548	553
2084	541	549	548	556
2085	542	543	549	550
2086	542	544	549	551
2087	542	545	549	552
2088	542	546	549	553
2089	543	544	550	551
2090	543	546	550	553
2091	543	547	550	554
2092	544	545	551	552
2093	544	546	551	553
2094	544	547	551	554
2095	545	546	552	553
2096	545	548	552	555
2097	545	549	552	556
2098	545	953	552	946
2099	546	547	553	554
2100	546	548	553	555
2101	546	549	553	556
2102	546	550	553	557
2103	547	548	554	555
2104	547	550	554	557
2105	547	568	554	578
2106	548	549	555	556
2107	548	550	555	557
2108	548	552	555	559
2109	548	613	555	621
2110	548	614	555	622
2111	549	550	556	557
2112	549	553	556	560
2113	549	606	556	614
2114	550	551	557	558
2115	550	553	557	560
2116	550	570	557	580
2117	551	552	558	559
2118	551	553	558	560
2119	551	554	558	561
2120	552	553	559	560
2121	552	554	559	561
2122	552	606	559	614
2123	552	819	559	818
2124	552	820	559	819
2125	553	554	560	561
2126	553	555	560	562
2127	553	604	560	612
2128	553	606	560	614
2129	554	555	561	562
2130	555	556	562	563
2131	555	557	562	564
2132	555	570	562	580
2133	556	557	563	564
2134	556	570	563	580
2135	557	558	564	565
2136	557	570	564	580
2137	557	574	564	583
2138	557	576	564	585
2139	558	559	565	566
2140	558	560	565	567
2141	558	570	565	580
2142	558	575	565	584
2143	559	560	566	567
2144	559	576	566	585
2145	560	561	567	568
2146	560	564	567	571
2147	560	567	567	574
2148	560	577	567	586
2149	561	562	568	569
2150	561	563	568	570
2151	561	564	568	571
2152	561	577	568	586
2153	561	579	568	588
2154	562	563	569	570
2155	562	564	569	571
2156	562	565	569	572
2157	562	577	569	586
2158	562	579	569	588
2159	563	564	570	571
2160	564	565	571	572
2161	564	566	571	573
2162	565	566	572	573
2163	565	567	572	574
2164	565	577	572	586
2165	566	567	573	574
2166	566	568	573	578
2167	567	568	574	578
2168	568	569	578	579
2169	569	570	579	580
2170	570	572	580	581
2171	570	573	580	582
2172	570	574	580	583
2173	570	575	580	584
2174	572	573	581	582
2175	573	574	582	583
2176	573	575	582	584
2177	574	575	583	584
2178	574	576	583	585
2179	575	576	584	585
2180	576	577	585	586
2181	577	578	586	587
2182	577	579	586	588
2183	577	580	586	589
2184	578	579	587	588
2185	578	580	587	589
2186	578	583	587	592
2187	579	580	588	589
2188	579	583	588	592
2189	580	581	589	590
2190	580	582	589	591
2191	580	583	589	592
2192	581	582	590	591
2193	581	583	590	592
2194	581	584	590	593
2195	582	583	591	592
2196	582	584	591	593
2197	582	585	591	594
2198	583	584	592	593
2199	583	585	592	594
2200	584	585	593	594
2201	585	586	594	595
2202	586	587	595	596
2203	587	588	596	597
2204	588	590	597	598
2205	590	591	598	599
2206	591	592	599	600
2207	592	593	600	601
2208	592	594	600	602
2209	593	594	601	602
2210	594	595	602	603
2211	594	596	602	604
2212	595	596	603	604
2213	596	597	604	605
2214	596	598	604	606
2215	596	600	604	608
2216	596	621	604	629
2217	597	598	605	606
2218	597	599	605	607
2219	597	600	605	608
2220	598	599	606	607
2221	598	600	606	608
2222	598	620	606	628
2223	598	621	606	629
2224	598	622	606	630
2225	599	600	607	608
2226	599	620	607	628
2227	599	622	607	630
2228	599	816	607	815
2229	600	601	608	609
2230	600	620	608	628
2231	600	621	608	629
2232	600	816	608	815
2233	601	602	609	610
2234	601	618	609	626
2235	601	619	609	627
2236	601	620	609	628
2237	601	621	609	629
2238	602	603	610	611
2239	602	619	610	627
2240	602	620	610	628
2241	602	621	610	629
2242	602	624	610	632
2243	603	604	611	612
2244	603	605	611	613
2245	603	619	611	627
2246	603	624	611	632
2247	603	652	611	659
2248	603	655	611	662
2249	603	759	611	759
2250	604	605	612	613
2251	604	606	612	614
2252	604	616	612	624
2253	604	617	612	625
2254	604	819	612	818
2255	605	606	613	614
2256	605	616	613	624
2257	605	650	613	657
2258	605	651	613	658
2259	605	652	613	659
2260	605	655	613	662
2261	606	607	614	615
2262	606	614	614	622
2263	606	615	614	623
2264	606	616	614	624
2265	607	608	615	616
2266	607	614	615	622
2267	607	756	615	756
2268	608	609	616	617
2269	608	953	616	946
2270	609	610	617	618
2271	609	611	617	619
2272	609	615	617	623
2273	610	611	618	619
2274	610	612	618	620
2275	610	613	618	621
2276	610	614	618	622
2277	610	615	618	623
2278	610	821	618	820
2279	610	824	618	823
2280	611	612	619	620
2281	611	956	619	949
2282	612	613	620	621
2283	612	952	620	945
2284	612	953	620	946
2285	613	614	621	622
2286	613	953	621	946
2287	614	615	622	623
2288	614	953	622	946
2289	615	616	623	624
2290	615	818	623	817
2291	615	824	623	823
2292	616	617	624	625
2293	616	818	624	817
2294	616	819	624	818
2295	617	618	625	626
2296	617	619	625	627
2297	617	756	625	756
2298	617	757	625	757
2299	617	815	625	814
2300	617	817	625	816
2301	617	818	625	817
2302	617	829	625	828
2303	618	619	626	627
2304	618	815	626	814
2305	618	816	626	815
2306	618	817	626	816
2307	618	818	626	817
2308	618	819	626	818
2309	619	620	627	628
2310	619	623	627	631
2311	619	624	627	632
2312	619	759	627	759
2313	620	621	628	629
2314	620	622	628	630
2315	620	623	628	631
2316	620	624	628	632
2317	620	816	628	815
2318	621	622	629	630
2319	621	623	629	631
2320	621	624	629	632
2321	622	623	630	631
2322	622	624	630	632
2323	622	625	630	633
2324	622	812	630	811
2325	623	624	631	632
2326	623	625	631	633
2327	623	759	631	759
2328	623	812	631	811
2329	623	813	631	812
2330	623	814	631	813
2331	623	815	631	814
2332	624	625	632	633
2333	624	626	632	634
2334	624	628	632	636
2335	624	659	632	666
2336	624	759	632	759
2337	625	626	633	634
2338	625	628	633	636
2339	625	629	633	637
2340	625	812	633	811
2341	626	627	634	635
2342	626	631	634	639
2343	626	784	634	783
2344	626	786	634	785
2345	626	812	634	811
2346	627	628	635	636
2347	627	631	635	639
2348	627	634	635	641
2349	627	656	635	663
2350	627	760	635	760
2351	627	761	635	761
2352	628	629	636	637
2353	628	631	636	639
2354	628	659	636	666
2355	628	660	636	667
2356	628	663	636	670
2357	629	630	637	638
2358	629	631	637	639
2359	629	663	637	670
2360	629	664	637	671
2361	629	786	637	785
2362	630	631	638	639
2363	630	785	638	784
2364	630	786	638	785
2365	631	632	639	640
2366	631	634	639	641
2367	631	784	639	783
2368	631	785	639	784
2369	631	786	639	785
2370	632	634	640	641
2371	632	635	640	642
2372	632	785	640	784
2373	634	635	641	642
2374	634	637	641	644
2375	634	656	641	663
2376	634	724	641	726
2377	634	750	641	750
2378	634	761	641	761
2379	634	784	641	783
2380	635	636	642	643
2381	635	637	642	644
2382	635	721	642	723
2383	635	722	642	724
2384	635	750	642	750
2385	636	637	643	644
2386	636	721	643	723
2387	637	638	644	645
2388	637	641	644	648
2389	637	643	644	650
2390	637	656	644	663
2391	637	664	644	671
2392	637	693	644	700
2393	637	721	644	723
2394	637	722	644	724
2395	638	639	645	646
2396	638	640	645	647
2397	638	641	645	648
2398	639	640	646	647
2399	639	665	646	672
2400	640	641	647	648
2401	640	692	647	699
2402	641	642	648	649
2403	641	643	648	650
2404	641	666	648	673
2405	641	692	648	699
2406	641	693	648	700
2407	641	721	648	723
2408	642	643	649	650
2409	642	667	649	674
2410	642	669	649	676
2411	642	690	649	697
2412	642	691	649	698
2413	642	692	649	699
2414	643	644	650	651
2415	643	656	650	663
2416	643	660	650	667
2417	643	661	650	668
2418	643	666	650	673
2419	643	668	650	675
2420	643	669	650	676
2421	643	691	650	698
2422	643	693	650	700
2423	644	645	651	652
2424	644	646	651	653
2425	644	669	651	676
2426	644	670	651	677
2427	644	671	651	678
2428	644	682	651	689
2429	644	685	651	692
2430	644	686	651	693
2431	644	691	651	698
2432	644	694	651	701
2433	645	646	652	653
2434	645	654	652	661
2435	645	657	652	664
2436	645	668	652	675
2437	645	670	652	677
2438	646	647	653	654
2439	646	676	653	683
2440	646	682	653	689
2441	646	694	653	701
2442	646	695	653	702
2443	646	696	653	703
2444	646	700	653	707
2445	647	648	654	655
2446	647	653	654	660
2447	647	654	654	661
2448	647	657	654	664
2449	647	695	654	702
2450	648	649	655	656
2451	648	650	655	657
2452	648	651	655	658
2453	648	654	655	661
2454	649	650	656	657
2455	649	654	656	661
2456	650	651	657	658
2457	651	652	658	659
2458	651	653	658	660
2459	652	653	659	660
2460	652	654	659	661
2461	652	655	659	662
2462	652	756	659	756
2463	652	759	659	759
2464	652	760	659	760
2465	653	654	660	661
2466	653	655	660	662
2467	653	656	660	663
2468	653	657	660	664
2469	653	695	660	702
2470	653	760	660	760
2471	654	655	661	662
2472	654	656	661	663
2473	654	657	661	664
2474	654	658	661	665
2475	654	670	661	677
2476	655	656	662	663
2477	655	659	662	666
2478	655	760	662	760
2479	656	657	663	664
2480	656	658	663	665
2481	656	660	663	667
2482	656	695	663	702
2483	656	724	663	726
2484	656	760	663	760
2485	656	761	663	761
2486	657	658	664	665
2487	657	661	664	668
2488	657	668	664	675
2489	657	695	664	702
2490	658	659	665	666
2491	658	661	665	668
2492	658	662	665	669
2493	658	668	665	675
2494	659	660	666	667
2495	659	661	666	668
2496	659	663	666	670
2497	660	661	667	668
2498	661	662	668	669
2499	661	663	668	670
2500	661	666	668	673
2501	661	668	668	675
2502	662	663	669	670
2503	662	668	669	675
2504	663	664	670	671
2505	664	665	671	672
2506	664	666	671	673
2507	665	666	672	673
2508	666	667	673	674
2509	667	668	674	675
2510	667	669	674	676
2511	667	689	674	696
2512	668	669	675	676
2513	668	670	675	677
2514	669	670	676	677
2515	669	685	676	692
2516	669	689	676	696
2517	670	671	677	678
2518	671	672	678	679
2519	671	675	678	682
2520	671	676	678	683
2521	671	685	678	692
2522	672	673	679	680
2523	672	674	679	681
2524	672	675	679	682
2525	672	681	679	688
2526	673	674	680	681
2527	673	675	680	682
2528	673	676	680	683
2529	674	675	681	682
2530	674	681	681	688
2531	675	676	682	683
2532	675	678	682	685
2533	675	681	682	688
2534	675	682	682	689
2535	676	677	683	684
2536	676	682	683	689
2537	677	678	684	685
2538	677	700	684	707
2539	678	679	685	686
2540	678	680	685	687
2541	678	681	685	688
2542	678	682	685	689
2543	679	680	686	687
2544	679	682	686	689
2545	679	683	686	690
2546	679	703	686	710
2547	679	704	686	711
2548	679	707	686	714
2549	680	681	687	688
2550	680	682	687	689
2551	680	683	687	690
2552	680	684	687	691
2553	681	682	688	689
2554	681	683	688	690
2555	681	684	688	691
2556	682	683	689	690
2557	682	684	689	691
2558	682	685	689	692
2559	682	686	689	693
2560	682	700	689	707
2561	682	704	689	711
2562	683	684	690	691
2563	683	686	690	693
2564	683	687	690	694
2565	683	704	690	711
2566	683	716	690	718
2567	684	685	691	692
2568	684	686	691	693
2569	684	687	691	694
2570	684	688	691	695
2571	685	686	692	693
2572	685	687	692	694
2573	685	688	692	695
2574	685	689	692	696
2575	686	687	693	694
2576	686	691	693	698
2577	686	694	693	701
2578	686	716	693	718
2579	686	720	693	722
2580	687	688	694	695
2581	687	715	694	717
2582	687	716	694	718
2583	688	689	695	696
2584	689	690	696	697
2585	689	691	696	698
2586	690	691	697	698
2587	691	692	698	699
2588	691	693	698	700
2589	691	720	698	722
2590	692	693	699	700
2591	692	720	699	722
2592	692	721	699	723
2593	693	694	700	701
2594	693	721	700	723
2595	693	722	700	724
2596	693	724	700	726
2597	694	695	701	702
2598	694	696	701	703
2599	694	704	701	711
2600	694	716	701	718
2601	694	723	701	725
2602	695	696	702	703
2603	695	697	702	704
2604	695	724	702	726
2605	695	725	702	727
2606	696	697	703	704
2607	696	700	703	707
2608	696	701	703	708
2609	696	725	703	727
2610	697	698	704	705
2611	697	699	704	706
2612	697	700	704	707
2613	697	701	704	708
2614	698	699	705	706
2615	698	701	705	708
2616	698	702	705	709
2617	698	725	705	727
2618	698	726	705	728
2619	698	727	705	729
2620	698	728	705	730
2621	698	729	705	731
2622	698	730	705	732
2623	699	700	706	707
2624	699	703	706	710
2625	699	728	706	730
2626	700	701	707	708
2627	700	702	707	709
2628	700	703	707	710
2629	700	704	707	711
2630	701	702	708	709
2631	701	703	708	710
2632	701	704	708	711
2633	701	705	708	712
2634	701	716	708	718
2635	701	723	708	725
2636	701	725	708	727
2637	701	734	708	736
2638	701	735	708	737
2639	701	738	708	740
2640	701	749	708	749
2641	702	703	709	710
2642	702	704	709	711
2643	702	705	709	712
2644	702	706	709	713
2645	702	731	709	733
2646	702	734	709	736
2647	703	704	710	711
2648	703	705	710	712
2649	704	705	711	712
2650	704	706	711	713
2651	704	707	711	714
2652	704	716	711	718
2653	705	706	712	713
2654	705	716	712	718
2655	705	734	712	736
2656	705	737	712	739
2657	706	707	713	714
2658	706	734	713	736
2659	707	708	714	715
2660	708	714	715	716
2661	708	716	715	718
2662	708	737	715	739
2663	714	715	716	717
2664	714	716	716	718
2665	714	717	716	719
2666	714	718	716	720
2667	714	737	716	739
2668	714	741	716	743
2669	715	716	717	718
2670	715	717	717	719
2671	715	718	717	720
2672	716	717	718	719
2673	716	720	718	722
2674	717	718	719	720
2675	717	719	719	721
2676	717	720	719	722
2677	717	738	719	740
2678	717	741	719	743
2679	717	742	719	744
2680	718	719	720	721
2681	718	741	720	743
2682	719	720	721	722
2683	720	721	722	723
2684	721	722	723	724
2685	721	748	723	748
2686	722	723	724	725
2687	722	724	724	726
2688	722	748	724	748
2689	722	750	724	750
2690	723	724	725	726
2691	723	725	725	727
2692	723	742	725	744
2693	723	748	725	748
2694	723	749	725	749
2695	724	725	726	727
2696	724	750	726	750
2697	724	752	726	752
2698	724	761	726	761
2699	725	726	727	728
2700	725	730	727	732
2701	725	735	727	737
2702	725	749	727	749
2703	725	750	727	750
2704	725	751	727	751
2705	725	752	727	752
2706	726	727	728	729
2707	726	751	728	751
2708	727	728	729	730
2709	728	729	730	731
2710	729	730	731	732
2711	729	859	731	856
2712	729	861	731	858
2713	729	875	731	872
2714	730	731	732	733
2715	730	735	732	737
2716	730	751	732	751
2717	731	732	733	734
2718	731	733	733	735
2719	731	734	733	736
2720	731	735	733	737
2721	732	733	734	735
2722	732	734	734	736
2723	732	735	734	737
2724	732	736	734	738
2725	732	772	734	770
2726	732	776	734	774
2727	732	777	734	775
2728	733	734	735	736
2729	733	736	735	738
2730	734	735	736	737
2731	734	736	736	738
2732	734	737	736	739
2733	735	736	737	738
2734	735	737	737	739
2735	735	738	737	740
2736	735	739	737	741
2737	735	767	737	767
2738	735	772	737	770
2739	736	737	738	739
2740	736	739	738	741
2741	736	740	738	742
2742	736	772	738	770
2743	736	773	738	771
2744	736	774	738	772
2745	737	738	739	740
2746	737	739	739	741
2747	738	739	740	741
2748	738	740	740	742
2749	738	742	740	744
2750	738	749	740	749
2751	739	740	741	742
2752	739	741	741	743
2753	739	743	741	745
2754	739	746	741	746
2755	739	749	741	749
2756	739	771	741	769
2757	739	772	741	770
2758	740	741	742	743
2759	741	742	743	744
2760	742	743	744	745
2761	742	748	744	748
2762	742	749	744	749
2763	743	746	745	746
2764	746	747	746	747
2765	746	748	746	748
2766	746	768	746	768
2767	747	748	747	748
2768	747	766	747	766
2769	747	768	747	768
2770	748	749	748	749
2771	749	750	749	750
2772	749	767	749	767
2773	750	751	750	751
2774	750	752	750	752
2775	750	764	750	764
2776	750	765	750	765
2777	750	766	750	766
2778	751	752	751	752
2779	751	764	751	764
2780	751	765	751	765
2781	751	779	751	778
2782	751	780	751	779
2783	752	753	752	753
2784	752	761	752	761
2785	752	764	752	764
2786	753	754	753	754
2787	753	755	753	755
2788	753	761	753	761
2789	753	763	753	763
2790	753	780	753	779
2791	753	807	753	806
2792	753	845	753	842
2793	753	847	753	844
2794	753	859	753	856
2795	754	755	754	755
2796	754	760	754	760
2797	754	761	754	761
2798	755	756	755	756
2799	755	757	755	757
2800	755	758	755	758
2801	755	809	755	808
2802	755	843	755	840
2803	755	845	755	842
2804	756	757	756	757
2805	756	758	756	758
2806	756	759	756	759
2807	757	758	757	758
2808	757	815	757	814
2809	757	818	757	817
2810	757	829	757	828
2811	757	843	757	840
2812	758	759	758	759
2813	758	813	758	812
2814	758	814	758	813
2815	759	760	759	760
2816	759	813	759	812
2817	760	761	760	761
2818	761	762	761	762
2819	761	763	761	763
2820	761	784	761	783
2821	762	763	762	763
2822	762	783	762	782
2823	762	784	762	783
2824	762	809	762	808
2825	763	764	763	764
2826	763	780	763	779
2827	763	782	763	781
2828	763	783	763	782
2829	763	784	763	783
2830	763	789	763	788
2831	763	857	763	854
2832	764	765	764	765
2833	764	780	764	779
2834	764	781	764	780
2835	764	784	764	783
2836	765	766	765	766
2837	765	779	765	778
2838	765	780	765	779
2839	765	781	765	780
2840	765	856	765	853
2841	766	767	766	767
2842	766	768	766	768
2843	767	768	767	768
2844	767	772	767	770
2845	768	771	768	769
2846	771	772	769	770
2847	771	773	769	771
2848	772	773	770	771
2849	773	774	771	772
2850	773	775	771	773
2851	773	776	771	774
2852	774	775	772	773
2853	775	776	773	774
2854	776	777	774	775
2855	777	778	775	776
2856	778	779	776	778
2857	778	858	776	855
2858	779	780	778	779
2859	779	781	778	780
2860	779	852	778	849
2861	779	856	778	853
2862	779	857	778	854
2863	780	781	779	780
2864	780	807	779	806
2865	780	857	779	854
2866	780	859	779	856
2867	781	782	780	781
2868	781	856	780	853
2869	781	857	780	854
2870	782	783	781	782
2871	782	855	781	852
2872	782	856	781	853
2873	783	784	782	783
2874	783	787	782	786
2875	783	789	782	788
2876	783	851	782	848
2877	783	857	782	854
2878	784	785	783	784
2879	784	786	783	785
2880	784	787	783	786
2881	785	786	784	785
2882	786	787	785	786
2883	786	812	785	811
2884	787	788	786	787
2885	787	810	786	809
2886	787	811	786	810
2887	788	789	787	788
2888	788	790	787	789
2889	788	810	787	809
2890	789	790	788	789
2891	789	791	788	790
2892	789	807	788	806
2893	789	809	788	808
2894	789	851	788	848
2895	789	857	788	854
2896	790	791	789	790
2897	790	792	789	791
2898	790	810	789	809
2899	790	832	789	831
2900	790	834	789	833
2901	790	835	789	834
2902	790	842	789	839
2903	791	792	790	791
2904	791	799	790	798
2905	791	804	790	803
2906	791	805	790	804
2907	791	806	790	805
2908	791	807	790	806
2909	791	849	790	846
2910	791	851	790	848
2911	792	793	791	792
2912	792	796	791	795
2913	792	797	791	796
2914	792	798	791	797
2915	792	799	791	798
2916	792	808	791	807
2917	792	834	791	833
2918	792	842	791	839
2919	793	794	792	793
2920	793	795	792	794
2921	793	796	792	795
2922	793	797	792	796
2923	793	799	792	798
2924	794	795	793	794
2925	795	796	794	795
2926	795	797	794	796
2927	796	797	795	796
2928	796	844	795	841
2929	797	798	796	797
2930	798	799	797	798
2931	798	834	797	833
2932	799	800	798	799
2933	799	803	798	802
2934	799	804	798	803
2935	799	805	798	804
2936	800	801	799	800
2937	800	803	799	802
2938	801	802	800	801
2939	801	851	800	848
2940	801	852	800	849
2941	801	853	800	850
2942	802	803	801	802
2943	802	850	801	847
2944	803	804	802	803
2945	803	850	802	847
2946	804	805	803	804
2947	804	848	803	845
2948	804	849	803	846
2949	804	850	803	847
2950	804	860	803	857
2951	804	873	803	870
2952	805	806	804	805
2953	805	848	804	845
2954	806	807	805	806
2955	806	808	805	807
2956	806	844	805	841
2957	806	845	805	842
2958	806	846	805	843
2959	806	848	805	845
2960	806	863	805	860
2961	807	808	806	807
2962	807	809	806	808
2963	807	845	806	842
2964	807	849	806	846
2965	808	809	807	808
2966	808	842	807	839
2967	808	843	807	840
2968	808	844	807	841
2969	808	845	807	842
2970	809	810	808	809
2971	809	814	808	813
2972	809	842	808	839
2973	809	845	808	842
2974	810	811	809	810
2975	810	814	809	813
2976	810	832	809	831
2977	810	840	809	837
2978	810	841	809	838
2979	810	842	809	839
2980	811	812	810	811
2981	811	840	810	837
2982	812	813	811	812
2983	813	814	812	813
2984	814	815	813	814
2985	814	829	813	828
2986	814	841	813	838
2987	814	843	813	840
2988	815	816	814	815
2989	815	817	814	816
2990	815	829	814	828
2991	816	817	815	816
2992	817	818	816	817
2993	817	825	816	824
2994	817	829	816	828
2995	818	819	817	818
2996	818	821	817	820
2997	818	824	817	823
2998	818	825	817	824
2999	818	828	817	827
3000	818	829	817	828
3001	818	843	817	840
3002	819	820	818	819
3003	819	821	818	820
3004	820	821	819	820
3005	821	822	820	821
3006	821	823	820	822
3007	821	824	820	823
3008	821	825	820	824
3009	822	823	821	822
3010	822	825	821	824
3011	823	824	822	823
3012	824	825	823	824
3013	824	826	823	825
3014	824	827	823	826
3015	825	826	824	825
3016	825	827	824	826
3017	825	829	824	828
3018	826	827	825	826
3019	827	828	826	827
3020	827	844	826	841
3021	828	829	827	828
3022	828	843	827	840
3023	828	844	827	841
3024	828	845	827	842
3025	828	846	827	843
3026	829	830	828	829
3027	829	841	828	838
3028	829	842	828	839
3029	829	843	828	840
3030	830	831	829	830
3031	830	841	829	838
3032	830	842	829	839
3033	830	844	829	841
3034	831	832	830	831
3035	831	833	830	832
3036	832	833	831	832
3037	832	834	831	833
3038	832	835	831	834
3039	832	840	831	837
3040	832	841	831	838
3041	832	842	831	839
3042	833	834	832	833
3043	833	842	832	839
3044	834	835	833	834
3045	834	838	833	835
3046	835	838	834	835
3047	835	840	834	837
3048	838	839	835	836
3049	839	840	836	837
3050	840	841	837	838
3051	841	842	838	839
3052	842	843	839	840
3053	843	844	840	841
3054	843	845	840	842
3055	844	845	841	842
3056	845	846	842	843
3057	845	847	842	844
3058	845	862	842	859
3059	846	847	843	844
3060	846	862	843	859
3061	846	863	843	860
3062	847	848	844	845
3063	847	859	844	856
3064	847	861	844	858
3065	847	862	844	859
3066	848	849	845	846
3067	848	860	845	857
3068	848	861	845	858
3069	848	863	845	860
3070	848	866	845	863
3071	849	850	846	847
3072	849	857	846	854
3073	849	858	846	855
3074	849	859	846	856
3075	849	860	846	857
3076	850	851	847	848
3077	850	852	847	849
3078	850	853	847	850
3079	850	858	847	855
3080	851	852	848	849
3081	851	855	848	852
3082	851	856	848	853
3083	851	857	848	854
3084	852	853	849	850
3085	852	854	849	851
3086	852	856	849	853
3087	852	857	849	854
3088	852	858	849	855
3089	853	854	850	851
3090	854	855	851	852
3091	854	856	851	853
3092	855	856	852	853
3093	856	857	853	854
3094	857	858	854	855
3095	858	859	855	856
3096	859	860	856	857
3097	859	861	856	858
3098	859	862	856	859
3099	860	861	857	858
3100	860	866	857	863
3101	860	873	857	870
3102	860	875	857	872
3103	861	862	858	859
3104	861	866	858	863
3105	861	875	858	872
3106	862	863	859	860
3107	862	864	859	861
3108	862	865	859	862
3109	862	866	859	863
3110	863	864	860	861
3111	863	865	860	862
3112	863	866	860	863
3113	864	865	861	862
3114	865	866	862	863
3115	865	875	862	872
3116	865	876	862	873
3117	865	877	862	874
3118	865	880	862	877
3119	866	867	863	864
3120	866	873	863	870
3121	866	874	863	871
3122	866	875	863	872
3123	867	868	864	865
3124	867	874	864	871
3125	867	876	864	873
3126	867	896	864	893
3127	868	869	865	866
3128	868	871	865	868
3129	868	872	865	869
3130	868	873	865	870
3131	869	870	866	867
3132	869	871	866	868
3133	869	872	866	869
3134	869	874	866	871
3135	869	906	866	903
3136	869	936	866	929
3137	870	871	867	868
3138	870	872	867	869
3139	870	935	867	928
3140	870	936	867	929
3141	871	872	868	869
3142	872	873	869	870
3143	872	874	869	871
3144	872	936	869	929
3145	873	874	870	871
3146	874	875	871	872
3147	874	936	871	929
3148	874	937	871	930
3149	875	876	872	873
3150	875	877	872	874
3151	875	878	872	875
3152	876	877	873	874
3153	876	879	873	876
3154	876	880	873	877
3155	876	894	873	891
3156	876	895	873	892
3157	876	896	873	893
3158	877	878	874	875
3159	877	880	874	877
3160	878	879	875	876
3161	878	933	875	926
3162	878	937	875	930
3163	879	880	876	877
3164	879	881	876	878
3165	879	882	876	879
3166	879	883	876	880
3167	879	894	876	891
3168	879	933	876	926
3169	879	937	876	930
3170	879	939	876	932
3171	880	881	877	878
3172	880	882	877	879
3173	880	883	877	880
3174	880	884	877	881
3175	880	893	877	890
3176	880	894	877	891
3177	881	882	878	879
3178	881	883	878	880
3179	881	884	878	881
3180	881	885	878	882
3181	882	883	879	880
3182	882	928	879	921
3183	882	929	879	922
3184	882	932	879	925
3185	882	933	879	926
3186	883	884	880	881
3187	883	885	880	882
3188	883	886	880	883
3189	883	889	880	886
3190	883	892	880	889
3191	883	894	880	891
3192	883	908	880	905
3193	883	910	880	907
3194	883	925	880	918
3195	883	929	880	922
3196	884	885	881	882
3197	884	889	881	886
3198	884	890	881	887
3199	884	891	881	888
3200	884	892	881	889
3201	885	886	882	883
3202	885	887	882	884
3203	885	889	882	886
3204	886	887	883	884
3205	886	889	883	886
3206	886	916	883	913
3207	886	924	883	917
3208	886	925	883	918
3209	886	928	883	921
3210	887	888	884	885
3211	888	889	885	886
3212	888	912	885	909
3213	888	916	885	913
3214	889	890	886	887
3215	889	912	886	909
3216	890	891	887	888
3217	890	911	887	908
3218	891	892	888	889
3219	891	911	888	908
3220	891	948	888	941
3221	892	893	889	890
3222	892	909	889	906
3223	892	910	889	907
3224	893	894	890	891
3225	893	909	890	906
3226	893	948	890	941
3227	893	957	890	950
3228	893	961	890	954
3229	894	895	891	892
3230	894	906	891	903
3231	894	907	891	904
3232	894	908	891	905
3233	895	896	892	893
3234	895	906	892	903
3235	895	907	892	904
3236	895	909	892	906
3237	895	959	892	952
3238	896	897	893	894
3239	896	905	893	902
3240	896	906	893	903
3241	897	898	894	895
3242	897	904	894	901
3243	897	905	894	902
3244	897	907	894	904
3245	897	959	894	952
3246	898	899	895	896
3247	898	902	895	899
3248	898	903	895	900
3249	898	904	895	901
3250	899	900	896	897
3251	899	901	896	898
3252	900	901	897	898
3253	901	902	898	899
3254	901	903	898	900
3255	902	903	899	900
3256	903	904	900	901
3257	904	905	901	902
3258	905	906	902	903
3259	905	907	902	904
3260	905	940	902	933
3261	906	907	903	904
3262	906	937	903	930
3263	906	939	903	932
3264	907	908	904	905
3265	907	909	904	906
3266	907	941	904	934
3267	907	964	904	957
3268	908	909	905	906
3269	908	910	905	907
3270	908	939	905	932
3271	908	942	905	935
3272	909	910	906	907
3273	909	943	906	936
3274	909	945	906	938
3275	909	961	906	954
3276	909	962	906	955
3277	909	964	906	957
3278	910	911	907	908
3279	910	925	907	918
3280	910	942	907	935
3281	910	944	907	937
3282	911	912	908	909
3283	911	945	908	938
3284	911	946	908	939
3285	911	947	908	940
3286	911	948	908	941
3287	912	913	909	910
3288	912	915	909	912
3289	912	916	909	913
3290	913	914	910	911
3291	913	915	910	912
3292	914	915	911	912
3293	915	916	912	913
3294	916	917	913	914
3295	916	924	913	917
3296	917	918	914	915
3297	917	924	914	917
3298	917	944	914	937
3299	918	923	915	916
3300	918	944	915	937
3301	923	924	916	917
3302	923	925	916	918
3303	923	926	916	919
3304	924	925	917	918
3305	924	927	917	920
3306	925	926	918	919
3307	925	928	918	921
3308	925	942	918	935
3309	926	927	919	920
3310	926	928	919	921
3311	926	930	919	923
3312	926	942	919	935
3313	927	928	920	921
3314	927	930	920	923
3315	928	929	921	922
3316	928	932	921	925
3317	929	930	922	923
3318	929	931	922	924
3319	929	932	922	925
3320	929	933	922	926
3321	929	938	922	931
3322	929	939	922	932
3323	930	931	923	924
3324	930	938	923	931
3325	931	932	924	925
3326	932	933	925	926
3327	933	934	926	927
3328	933	937	926	930
3329	934	935	927	928
3330	934	936	927	929
3331	934	937	927	930
3332	934	938	927	931
3333	935	936	928	929
3334	935	937	928	930
3335	935	938	928	931
3336	936	937	929	930
3337	937	938	930	931
3338	937	939	930	932
3339	938	939	931	932
3340	939	940	932	933
3341	939	942	932	935
3342	940	941	933	934
3343	940	969	933	962
3344	941	942	934	935
3345	941	964	934	957
3346	941	968	934	961
3347	942	943	935	936
3348	942	944	935	937
3349	942	968	935	961
3350	943	944	936	937
3351	943	945	936	938
3352	943	962	936	955
3353	943	964	936	957
3354	943	968	936	961
3355	944	945	937	938
3356	945	946	938	939
3357	945	947	938	940
3358	945	961	938	954
3359	945	962	938	955
3360	946	947	939	940
3361	947	948	940	941
3362	947	950	940	943
3363	948	949	941	942
3364	948	950	941	943
3365	948	957	941	950
3366	949	950	942	943
3367	949	957	942	950
3368	949	958	942	951
3369	949	961	942	954
3370	950	951	943	944
3371	950	957	943	950
3372	950	958	943	951
3373	951	952	944	945
3374	952	953	945	946
3375	952	954	945	947
3376	953	954	946	947
3377	954	955	947	948
3378	954	956	947	949
3379	955	956	948	949
3380	956	957	949	950
3381	957	958	950	951
3382	957	959	950	952
3383	957	961	950	954
3384	958	959	951	952
3385	958	960	951	953
3386	959	960	952	953
3387	959	961	952	954
3388	960	961	953	954
3389	961	962	954	955
3390	962	963	955	956
3391	962	964	955	957
3392	963	964	956	957
3393	964	965	957	958
3394	965	966	958	959
3395	965	967	958	960
3396	965	968	958	961
3397	966	967	959	960
3398	966	968	959	961
3399	966	969	959	962
3400	967	968	960	961
3401	967	969	960	962
3402	967	970	960	963
3403	968	969	961	962
3404	969	970	962	963
3405	970	971	963	964
3406	971	972	964	965
3407	972	973	965	966
3408	972	974	965	967
3409	973	974	966	967
3410	973	975	966	968
3411	973	996	966	989
3412	973	997	966	990
3413	973	998	966	991
3414	973	1001	966	994
3415	974	975	967	968
3416	974	998	967	991
3417	974	999	967	992
3418	974	1000	967	993
3419	975	976	968	969
3420	975	998	968	991
3421	975	999	968	992
3422	976	977	969	970
3423	976	981	969	974
3424	976	982	969	975
3425	976	985	969	978
3426	976	999	969	992
3427	977	978	970	971
3428	977	981	970	974
3429	977	999	970	992
3430	977	1040	970	1033
3431	977	1043	970	1036
3432	978	979	971	972
3433	978	980	971	973
3434	978	981	971	974
3435	979	980	972	973
3436	979	982	972	975
3437	979	983	972	976
3438	980	981	973	974
3439	980	982	973	975
3440	980	983	973	976
3441	980	984	973	977
3442	980	1043	973	1036
3443	981	982	974	975
3444	981	983	974	976
3445	981	984	974	977
3446	981	985	974	978
3447	981	999	974	992
3448	981	1039	974	1032
3449	981	1043	974	1036
3450	982	983	975	976
3451	982	984	975	977
3452	982	985	975	978
3453	982	986	975	979
3454	983	984	976	977
3455	983	985	976	978
3456	983	986	976	979
3457	984	985	977	978
3458	984	986	977	979
3459	984	987	977	980
3460	984	988	977	981
3461	984	1039	977	1032
3462	984	1042	977	1035
3463	985	986	978	979
3464	985	988	978	981
3465	985	989	978	982
3466	985	1039	978	1032
3467	986	987	979	980
3468	986	988	979	981
3469	986	989	979	982
3470	986	990	979	983
3471	987	988	980	981
3472	987	989	980	982
3473	987	990	980	983
3474	987	991	980	984
3475	987	1016	980	1009
3476	987	1019	980	1012
3477	987	1020	980	1013
3478	988	989	981	982
3479	988	990	981	983
3480	988	991	981	984
3481	988	992	981	985
3482	988	997	981	990
3483	988	1003	981	996
3484	988	1033	981	1026
3485	988	1037	981	1030
3486	988	1038	981	1031
3487	988	1039	981	1032
3488	988	1042	981	1035
3489	989	990	982	983
3490	989	993	982	986
3491	989	994	982	987
3492	989	995	982	988
3493	989	997	982	990
3494	990	991	983	984
3495	990	993	983	986
3496	990	1019	983	1012
3497	991	992	984	985
3498	991	993	984	986
3499	991	1003	984	996
3500	991	1012	984	1005
3501	991	1015	984	1008
3502	991	1016	984	1009
3503	991	1019	984	1012
3504	992	993	985	986
3505	992	994	985	987
3506	992	1003	985	996
3507	992	1006	985	999
3508	992	1007	985	1000
3509	992	1008	985	1001
3510	992	1012	985	1005
3511	993	994	986	987
3512	994	995	987	988
3513	994	997	987	990
3514	994	1006	987	999
3515	995	996	988	989
3516	995	997	988	990
3517	996	997	989	990
3518	997	998	990	991
3519	997	1001	990	994
3520	997	1006	990	999
3521	998	999	991	992
3522	998	1000	991	993
3523	998	1001	991	994
3524	999	1000	992	993
3525	999	1038	992	1031
3526	999	1039	992	1032
3527	999	1040	992	1033
3528	1000	1001	993	994
3529	1000	1038	993	1031
3530	1000	1040	993	1033
3531	1001	1002	994	995
3532	1001	1006	994	999
3533	1001	1038	994	1031
3534	1002	1003	995	996
3535	1002	1004	995	997
3536	1002	1005	995	998
3537	1002	1006	995	999
3538	1002	1037	995	1030
3539	1003	1004	996	997
3540	1003	1006	996	999
3541	1003	1008	996	1001
3542	1003	1012	996	1005
3543	1003	1013	996	1006
3544	1003	1016	996	1009
3545	1003	1033	996	1026
3546	1004	1005	997	998
3547	1004	1006	997	999
3548	1004	1008	997	1001
3549	1004	1009	997	1002
3550	1004	1013	997	1006
3551	1004	1033	997	1026
3552	1004	1034	997	1027
3553	1005	1006	998	999
3554	1006	1007	999	1000
3555	1007	1008	1000	1001
3556	1007	1012	1000	1005
3557	1008	1009	1001	1002
3558	1008	1012	1001	1005
3559	1009	1010	1002	1003
3560	1009	1011	1002	1004
3561	1009	1012	1002	1005
3562	1009	1013	1002	1006
3563	1010	1011	1003	1004
3564	1010	1013	1003	1006
3565	1010	1014	1003	1007
3566	1010	1034	1003	1027
3567	1011	1012	1004	1005
3568	1011	1013	1004	1006
3569	1011	1014	1004	1007
3570	1011	1015	1004	1008
3571	1012	1013	1005	1006
3572	1012	1014	1005	1007
3573	1012	1015	1005	1008
3574	1012	1016	1005	1009
3575	1013	1014	1006	1007
3576	1013	1016	1006	1009
3577	1013	1033	1006	1026
3578	1013	1034	1006	1027
3579	1014	1015	1007	1008
3580	1014	1016	1007	1009
3581	1014	1017	1007	1010
3582	1014	1018	1007	1011
3583	1014	1034	1007	1027
3584	1015	1016	1008	1009
3585	1015	1018	1008	1011
3586	1016	1017	1009	1010
3587	1016	1018	1009	1011
3588	1017	1018	1010	1011
3589	1017	1020	1010	1013
3590	1017	1021	1010	1014
3591	1017	1030	1010	1023
3592	1018	1019	1011	1012
3593	1018	1020	1011	1013
3594	1018	1021	1011	1014
3595	1018	1023	1011	1016
3596	1019	1020	1012	1013
3597	1019	1021	1012	1014
3598	1019	1023	1012	1016
3599	1019	1024	1012	1017
3600	1020	1021	1013	1014
3601	1020	1022	1013	1015
3602	1020	1025	1013	1018
3603	1020	1026	1013	1019
3604	1020	1027	1013	1020
3605	1020	1028	1013	1021
3606	1021	1022	1014	1015
3607	1021	1027	1014	1020
3608	1022	1023	1015	1016
3609	1022	1024	1015	1017
3610	1022	1025	1015	1018
3611	1023	1024	1016	1017
3612	1024	1025	1017	1018
3613	1025	1026	1018	1019
3614	1026	1027	1019	1020
3615	1027	1028	1020	1021
3616	1028	1029	1021	1022
3617	1028	1045	1021	1038
3618	1028	1046	1021	1039
3619	1029	1030	1022	1023
3620	1029	1032	1022	1025
3621	1029	1045	1022	1038
3622	1030	1031	1023	1024
3623	1030	1032	1023	1025
3624	1031	1032	1024	1025
3625	1031	1034	1024	1027
3626	1032	1033	1025	1026
3627	1032	1035	1025	1028
3628	1032	1045	1025	1038
3629	1033	1034	1026	1027
3630	1033	1035	1026	1028
3631	1033	1036	1026	1029
3632	1033	1042	1026	1035
3633	1034	1035	1027	1028
3634	1035	1036	1028	1029
3635	1035	1037	1028	1030
3636	1036	1037	1029	1030
3637	1036	1041	1029	1034
3638	1036	1042	1029	1035
3639	1037	1038	1030	1031
3640	1038	1039	1031	1032
3641	1038	1040	1031	1033
3642	1038	1041	1031	1034
3643	1038	1042	1031	1035
3644	1039	1040	1032	1033
3645	1039	1041	1032	1034
3646	1039	1042	1032	1035
3647	1039	1043	1032	1036
3648	1040	1041	1033	1034
3649	1040	1042	1033	1035
3650	1040	1043	1033	1036
3651	1040	1044	1033	1037
3652	1041	1042	1034	1035
3653	1041	1044	1034	1037
3654	1042	1043	1035	1036
3655	1042	1044	1035	1037
3656	1042	1045	1035	1038
3657	1043	1044	1036	1037
3658	1044	1045	1037	1038
3659	1044	1046	1037	1039
3660	1045	1046	1038	1039
